s = abcabccabc

j = 5
m = 7

i is in range [1, 5)
k is in range [5, l)
l is in range [2, 7)

	p = 3, q = 7

============ A ============
[[100 100 100 100 100 100 100 100]
 [100 100 100 100 100   0   0 100]
 [100 100 100 100 100   0   0 100]
 [100 100 100 100 100   0   7 100]
 [100 100 100 100 100   0   7 100]
 [100 100 100 100 100 100 100 100]
 [100 100 100 100 100 100 100 100]
 [100 100 100 100 100 100 100 100]]

============ F, D ============

--------- l = 2 ---------
[[0 0]
 [0 0]
 [0 0]
 [0 0]
 [0 0]]

[[0 0]
 [0 0]
 [0 0]
 [0 0]
 [0 0]]


--------- l = 3 ---------
[[0 0 0]
 [0 0 0]
 [0 0 0]
 [0 0 0]
 [0 0 0]]

[[0 0 0]
 [0 0 0]
 [0 0 0]
 [0 0 0]
 [0 0 0]]


--------- l = 4 ---------
[[0 0 0 0]
 [0 0 0 0]
 [0 0 0 0]
 [0 0 0 0]
 [0 0 0 0]]

[[0 0 0 0]
 [0 0 0 0]
 [0 0 0 0]
 [0 0 0 0]
 [0 0 0 0]]


--------- l = 5 ---------
[[0 0 0 0 0]
 [0 0 0 0 0]
 [0 0 0 0 0]
 [0 0 0 0 0]
 [0 0 0 0 0]]

[[0 0 0 0 0]
 [0 0 0 0 0]
 [0 0 0 0 0]
 [0 0 0 0 0]
 [0 0 0 0 0]]


--------- l = 6 ---------
[[0 0 0 0 0 0]
 [0 0 0 0 0 0]
 [0 0 0 0 0 0]
 [0 0 0 0 0 0]
 [0 0 0 0 0 0]]

[[0 0 0 0 0 0]
 [0 0 0 0 0 0]
 [0 0 0 0 0 0]
 [0 0 0 0 0 0]
 [0 0 0 0 0 0]]


--------- l = 7 ---------
[[0 0 0 0 0 0 0]
 [0 0 0 0 0 0 0]
 [0 0 0 0 0 0 0]
 [0 0 0 0 0 0 1]
 [0 0 0 0 0 0 1]]

[[0 0 0 0 0 0 0]
 [0 0 0 0 0 0 0]
 [0 0 0 0 0 0 0]
 [0 0 0 0 0 0 1]
 [0 0 0 0 0 0 1]]

