s = bcabcabca

j = 4
m = 9

i is in range [1, 4)
k is in range [4, l)
l is in range [2, 9)

	p = 3, q = 6

============== A ==============
[[100 100 100 100 100 100 100 100 100 100]
 [100 100 100 100   7   7   7   0   0 100]
 [100 100 100 100   7   8   8   8   0 100]
 [100 100 100 100   7   8   9   9   9 100]
 [100 100 100 100 100 100 100 100 100 100]
 [100 100 100 100 100 100 100 100 100 100]
 [100 100 100 100 100 100 100 100 100 100]
 [100 100 100 100 100 100 100 100 100 100]
 [100 100 100 100 100 100 100 100 100 100]
 [100 100 100 100 100 100 100 100 100 100]]

============== F, D ==============

----------- l = 2 -----------
[[0 0]
 [0 0]
 [0 0]
 [0 0]]

[[0 0]
 [0 0]
 [0 0]
 [0 0]]


----------- l = 3 -----------
[[0 0 0]
 [0 0 0]
 [0 0 0]
 [0 0 0]]

[[0 0 0]
 [0 0 0]
 [0 0 0]
 [0 0 0]]


----------- l = 4 -----------
[[0 0 0 0]
 [0 0 0 0]
 [0 0 0 0]
 [0 0 0 0]]

[[0 0 0 0]
 [0 0 0 0]
 [0 0 0 0]
 [0 0 0 0]]


----------- l = 5 -----------
[[0 0 0 0 0]
 [0 0 0 0 1]
 [0 0 0 0 1]
 [0 0 0 0 1]]

[[0 0 0 0 0]
 [0 0 0 0 1]
 [0 0 0 0 1]
 [0 0 0 0 1]]


----------- l = 6 -----------
[[0 0 0 0 0 0]
 [0 0 0 0 1 1]
 [0 0 0 0 1 2]
 [0 0 0 0 1 2]]

[[0 0 0 0 0 0]
 [0 0 0 0 1 1]
 [0 0 0 0 1 1]
 [0 0 0 0 1 1]]


----------- l = 7 -----------
[[0 0 0 0 0 0 0]
 [0 0 0 0 1 1 1]
 [0 0 0 0 1 2 2]
 [0 0 0 0 1 2 3]]

[[0 0 0 0 0 0 0]
 [0 0 0 0 1 1 1]
 [0 0 0 0 1 1 1]
 [0 0 0 0 1 1 1]]


----------- l = 8 -----------
[[0 0 0 0 0 0 0 0]
 [0 0 0 0 0 0 0 0]
 [0 0 0 0 0 1 1 1]
 [0 0 0 0 0 1 2 2]]

[[0 0 0 0 0 0 0 0]
 [0 0 0 0 0 0 0 0]
 [0 0 0 0 0 1 1 1]
 [0 0 0 0 0 1 1 1]]


----------- l = 9 -----------
[[0 0 0 0 0 0 0 0 0]
 [0 0 0 0 0 0 0 0 0]
 [0 0 0 0 0 0 0 0 0]
 [0 0 0 0 0 0 1 1 1]]

[[0 0 0 0 0 0 0 0 0]
 [0 0 0 0 0 0 0 0 0]
 [0 0 0 0 0 0 0 0 0]
 [0 0 0 0 0 0 1 1 1]]

