s = abecaebcabce

i is in range [1, 5)
j = 5
k is in range [5, 10)
l = 10
m = 12
substrings: abec, aebca, bce

========== F ==========
[[0 0 0 0 0 0 0 0 0 0]
 [0 0 0 0 0 0 0 0 0 0]
 [0 0 0 0 0 0 0 1 1 1]
 [0 0 0 0 0 0 1 1 1 1]
 [0 0 0 0 0 0 1 1 2 2]]

========== D ==========
[[0 0 0 0 0 0 0 0 0 0]
 [0 0 0 0 0 0 0 0 0 0]
 [0 0 0 0 0 0 0 1 1 1]
 [0 0 0 0 0 0 1 0 0 0]
 [0 0 0 0 0 0 0 0 1 1]]

========== E ==========
[[0 0 0 0 0 0 0 0 0 0]
 [0 0 0 0 0 0 0 0 0 0]
 [0 0 0 0 0 0 0 1 0 0]
 [0 0 0 0 0 0 1 0 0 0]
 [0 0 0 0 0 0 1 0 1 0]]