s = abecaebcabce

i is in range [1, 5)
j = 5
k is in range [5, 12)
l = 12
m = 12
substrings: abec, aebcabc, e

============ F ============
[[0 0 0 0 0 0 0 0 0 0 0 0]
 [0 0 0 0 0 0 0 0 0 0 0 0]
 [0 0 0 0 0 0 0 0 0 0 0 0]
 [0 0 0 0 0 0 1 1 1 1 1 1]
 [0 0 0 0 0 0 1 1 1 1 1 1]]

============ D ============
[[0 0 0 0 0 0 0 0 0 0 0 0]
 [0 0 0 0 0 0 0 0 0 0 0 0]
 [0 0 0 0 0 0 0 0 0 0 0 0]
 [0 0 0 0 0 0 1 1 1 1 1 1]
 [0 0 0 0 0 0 0 0 0 0 0 0]]

============ E ============
[[0 0 0 0 0 0 0 0 0 0 0 0]
 [0 0 0 0 0 0 0 0 0 0 0 0]
 [0 0 0 0 0 0 0 0 0 0 0 0]
 [0 0 0 0 0 0 1 0 0 0 0 0]
 [0 0 0 0 0 0 1 0 0 0 0 0]]