s = abecaebcabce

i is in range [1, 6)
j = 6
k is in range [6, 9)
l = 9
m = 12
substrings: abeca, ebc, abce

========= F =========
[[0 0 0 0 0 0 0 0 0]
 [0 0 0 0 0 0 0 0 0]
 [0 0 0 0 0 0 0 1 1]
 [0 0 0 0 0 0 1 1 1]
 [0 0 0 0 0 0 1 1 2]
 [0 0 0 0 0 0 1 1 2]]

========= D =========
[[0 0 0 0 0 0 0 0 0]
 [0 0 0 0 0 0 0 0 0]
 [0 0 0 0 0 0 0 1 1]
 [0 0 0 0 0 0 1 0 0]
 [0 0 0 0 0 0 0 0 1]
 [0 0 0 0 0 0 0 0 0]]

========= E =========
[[0 0 0 0 0 0 0 0 0]
 [0 0 0 0 0 0 0 0 0]
 [0 0 0 0 0 0 0 1 0]
 [0 0 0 0 0 0 1 0 0]
 [0 0 0 0 0 0 1 0 1]
 [0 0 0 0 0 0 1 0 1]]