s = abecaebcabce

i is in range [1, 7)
j = 7
k is in range [7, 9)
l = 9
m = 12
substrings: abecae, bc, abce

========= F =========
[[0 0 0 0 0 0 0 0 0]
 [0 0 0 0 0 0 0 0 0]
 [0 0 0 0 0 0 0 1 1]
 [0 0 0 0 0 0 0 1 1]
 [0 0 0 0 0 0 0 1 2]
 [0 0 0 0 0 0 0 1 2]
 [0 0 0 0 0 0 0 1 2]]

========= D =========
[[0 0 0 0 0 0 0 0 0]
 [0 0 0 0 0 0 0 0 0]
 [0 0 0 0 0 0 0 1 1]
 [0 0 0 0 0 0 0 0 0]
 [0 0 0 0 0 0 0 0 1]
 [0 0 0 0 0 0 0 0 0]
 [0 0 0 0 0 0 0 0 0]]

========= E =========
[[0 0 0 0 0 0 0 0 0]
 [0 0 0 0 0 0 0 0 0]
 [0 0 0 0 0 0 0 1 0]
 [0 0 0 0 0 0 0 1 0]
 [0 0 0 0 0 0 0 1 1]
 [0 0 0 0 0 0 0 1 1]
 [0 0 0 0 0 0 0 1 1]]