s = abecaebcabce

i is in range [1, 5)
j = 5
k is in range [5, 9)
l = 9
m = 12
substrings: abec, aebc, abce

Values of p and q that maximize T[n][p][p+1][q][q+1]:
	p = 4, q = 8

========= F =========
[[0 0 0 0 0 0 0 0 0]
 [0 0 0 0 0 1 1 1 1]
 [0 0 0 0 0 1 1 2 2]
 [0 0 0 0 0 1 2 2 2]
 [0 0 0 0 0 1 2 2 3]]

========= D =========
[[0 0 0 0 0 0 0 0 0]
 [0 0 0 0 0 1 1 1 1]
 [0 0 0 0 0 0 0 1 1]
 [0 0 0 0 0 0 1 0 0]
 [0 0 0 0 0 0 0 0 1]]

========= E =========
[[0 0 0 0 0 0 0 0 0]
 [0 0 0 0 0 1 0 0 0]
 [0 0 0 0 0 1 0 1 0]
 [0 0 0 0 0 1 1 0 0]
 [0 0 0 0 0 1 1 0 1]]