s = abccafabcabc

i is in range [1, 7)
j = 7
k is in range [7, 10)
l = 10
m = 12
substrings: abccaf, abc, abc

Values of p and q that maximize T[n][p][p+1][q][q+1]:
	p = 6, q = 9

========== F ==========
[[0 0 0 0 0 0 0 0 0 0]
 [0 0 0 0 0 0 0 1 1 1]
 [0 0 0 0 0 0 0 1 2 2]
 [0 0 0 0 0 0 0 1 2 3]
 [0 0 0 0 0 0 0 1 2 3]
 [0 0 0 0 0 0 0 1 2 3]
 [0 0 0 0 0 0 0 1 2 3]]

========== D ==========
[[0 0 0 0 0 0 0 0 0 0]
 [0 0 0 0 0 0 0 1 1 1]
 [0 0 0 0 0 0 0 0 1 1]
 [0 0 0 0 0 0 0 0 0 1]
 [0 0 0 0 0 0 0 0 0 0]
 [0 0 0 0 0 0 0 0 0 0]
 [0 0 0 0 0 0 0 0 0 0]]

========== E ==========
[[0 0 0 0 0 0 0 0 0 0]
 [0 0 0 0 0 0 0 1 0 0]
 [0 0 0 0 0 0 0 1 1 0]
 [0 0 0 0 0 0 0 1 1 1]
 [0 0 0 0 0 0 0 1 1 1]
 [0 0 0 0 0 0 0 1 1 1]
 [0 0 0 0 0 0 0 1 1 1]]