s = abdceefxxabceffaiibceef

i is in range [1, 10)
j = 10
k is in range [10, 16)
l = 16
m = 23
substrings: abdceefxx, abceff, aiibceef

Values of p and q that maximize T[n][p][p+1][q][q+1]:
	p = 9, q = 15

================ F ================
[[0 0 0 0 0 0 0 0 0 0 0 0 0 0 0 0]
 [0 0 0 0 0 0 0 0 0 0 1 1 1 1 1 1]
 [0 0 0 0 0 0 0 0 0 0 1 2 2 2 2 2]
 [0 0 0 0 0 0 0 0 0 0 1 2 2 2 2 2]
 [0 0 0 0 0 0 0 0 0 0 1 2 3 3 3 3]
 [0 0 0 0 0 0 0 0 0 0 1 2 3 4 4 4]
 [0 0 0 0 0 0 0 0 0 0 1 2 3 4 4 4]
 [0 0 0 0 0 0 0 0 0 0 1 2 3 4 5 5]
 [0 0 0 0 0 0 0 0 0 0 1 2 3 4 5 5]
 [0 0 0 0 0 0 0 0 0 0 1 2 3 4 5 5]]

================ D ================
[[0 0 0 0 0 0 0 0 0 0 0 0 0 0 0 0]
 [0 0 0 0 0 0 0 0 0 0 1 1 1 1 1 1]
 [0 0 0 0 0 0 0 0 0 0 0 1 1 1 1 1]
 [0 0 0 0 0 0 0 0 0 0 0 0 0 0 0 0]
 [0 0 0 0 0 0 0 0 0 0 0 0 1 1 1 1]
 [0 0 0 0 0 0 0 0 0 0 0 0 0 1 1 1]
 [0 0 0 0 0 0 0 0 0 0 0 0 0 0 0 0]
 [0 0 0 0 0 0 0 0 0 0 0 0 0 0 1 1]
 [0 0 0 0 0 0 0 0 0 0 0 0 0 0 0 0]
 [0 0 0 0 0 0 0 0 0 0 0 0 0 0 0 0]]

================ E ================
[[0 0 0 0 0 0 0 0 0 0 0 0 0 0 0 0]
 [0 0 0 0 0 0 0 0 0 0 1 0 0 0 0 0]
 [0 0 0 0 0 0 0 0 0 0 1 1 0 0 0 0]
 [0 0 0 0 0 0 0 0 0 0 1 1 0 0 0 0]
 [0 0 0 0 0 0 0 0 0 0 1 1 1 0 0 0]
 [0 0 0 0 0 0 0 0 0 0 1 1 1 1 0 0]
 [0 0 0 0 0 0 0 0 0 0 1 1 1 1 0 0]
 [0 0 0 0 0 0 0 0 0 0 1 1 1 1 1 0]
 [0 0 0 0 0 0 0 0 0 0 1 1 1 1 1 0]
 [0 0 0 0 0 0 0 0 0 0 1 1 1 1 1 0]]