s = abdceefxxabceffaiibceef

i is in range [1, 9)
j = 9
k is in range [9, 18)
l = 18
m = 23
substrings: abdceefx, xabceffai, ibceef

================== F ==================
[[0 0 0 0 0 0 0 0 0 0 0 0 0 0 0 0 0 0]
 [0 0 0 0 0 0 0 0 0 0 0 0 0 0 0 0 0 0]
 [0 0 0 0 0 0 0 0 0 0 0 1 1 1 1 1 1 1]
 [0 0 0 0 0 0 0 0 0 0 0 1 1 1 1 1 1 1]
 [0 0 0 0 0 0 0 0 0 0 0 1 2 2 2 2 2 2]
 [0 0 0 0 0 0 0 0 0 0 0 1 2 3 3 3 3 3]
 [0 0 0 0 0 0 0 0 0 0 0 1 2 3 3 3 3 3]
 [0 0 0 0 0 0 0 0 0 0 0 1 2 3 4 4 4 4]
 [0 0 0 0 0 0 0 0 0 0 0 1 2 3 4 4 4 4]]

================== D ==================
[[0 0 0 0 0 0 0 0 0 0 0 0 0 0 0 0 0 0]
 [0 0 0 0 0 0 0 0 0 0 0 0 0 0 0 0 0 0]
 [0 0 0 0 0 0 0 0 0 0 0 1 1 1 1 1 1 1]
 [0 0 0 0 0 0 0 0 0 0 0 0 0 0 0 0 0 0]
 [0 0 0 0 0 0 0 0 0 0 0 0 1 1 1 1 1 1]
 [0 0 0 0 0 0 0 0 0 0 0 0 0 1 1 1 1 1]
 [0 0 0 0 0 0 0 0 0 0 0 0 0 0 0 0 0 0]
 [0 0 0 0 0 0 0 0 0 0 0 0 0 0 1 1 1 1]
 [0 0 0 0 0 0 0 0 0 0 0 0 0 0 0 0 0 0]]

================== E ==================
[[0 0 0 0 0 0 0 0 0 0 0 0 0 0 0 0 0 0]
 [0 0 0 0 0 0 0 0 0 0 0 0 0 0 0 0 0 0]
 [0 0 0 0 0 0 0 0 0 0 0 1 0 0 0 0 0 0]
 [0 0 0 0 0 0 0 0 0 0 0 1 0 0 0 0 0 0]
 [0 0 0 0 0 0 0 0 0 0 0 1 1 0 0 0 0 0]
 [0 0 0 0 0 0 0 0 0 0 0 1 1 1 0 0 0 0]
 [0 0 0 0 0 0 0 0 0 0 0 1 1 1 0 0 0 0]
 [0 0 0 0 0 0 0 0 0 0 0 1 1 1 1 0 0 0]
 [0 0 0 0 0 0 0 0 0 0 0 1 1 1 1 0 0 0]]