s = abccddafbbcclaabcc

i is in range [1, 10)
j = 10
k is in range [10, 14)
l = 14
m = 18
substrings: abccddafb, bccl, aabcc

============== F ==============
[[0 0 0 0 0 0 0 0 0 0 0 0 0 0]
 [0 0 0 0 0 0 0 0 0 0 0 0 0 0]
 [0 0 0 0 0 0 0 0 0 0 1 1 1 1]
 [0 0 0 0 0 0 0 0 0 0 1 2 2 2]
 [0 0 0 0 0 0 0 0 0 0 1 2 3 3]
 [0 0 0 0 0 0 0 0 0 0 1 2 3 3]
 [0 0 0 0 0 0 0 0 0 0 1 2 3 3]
 [0 0 0 0 0 0 0 0 0 0 1 2 3 3]
 [0 0 0 0 0 0 0 0 0 0 1 2 3 3]
 [0 0 0 0 0 0 0 0 0 0 1 2 3 3]]

============== D ==============
[[0 0 0 0 0 0 0 0 0 0 0 0 0 0]
 [0 0 0 0 0 0 0 0 0 0 0 0 0 0]
 [0 0 0 0 0 0 0 0 0 0 1 1 1 1]
 [0 0 0 0 0 0 0 0 0 0 0 1 1 1]
 [0 0 0 0 0 0 0 0 0 0 0 0 1 1]
 [0 0 0 0 0 0 0 0 0 0 0 0 0 0]
 [0 0 0 0 0 0 0 0 0 0 0 0 0 0]
 [0 0 0 0 0 0 0 0 0 0 0 0 0 0]
 [0 0 0 0 0 0 0 0 0 0 0 0 0 0]
 [0 0 0 0 0 0 0 0 0 0 0 0 0 0]]

============== E ==============
[[0 0 0 0 0 0 0 0 0 0 0 0 0 0]
 [0 0 0 0 0 0 0 0 0 0 0 0 0 0]
 [0 0 0 0 0 0 0 0 0 0 1 0 0 0]
 [0 0 0 0 0 0 0 0 0 0 1 1 0 0]
 [0 0 0 0 0 0 0 0 0 0 1 1 1 0]
 [0 0 0 0 0 0 0 0 0 0 1 1 1 0]
 [0 0 0 0 0 0 0 0 0 0 1 1 1 0]
 [0 0 0 0 0 0 0 0 0 0 1 1 1 0]
 [0 0 0 0 0 0 0 0 0 0 1 1 1 0]
 [0 0 0 0 0 0 0 0 0 0 1 1 1 0]]