s = abccddafbbcclaabcc

i is in range [1, 7)
j = 7
k is in range [7, 15)
l = 15
m = 18
substrings: abccdd, afbbccla, abcc

Values of p and q that maximize T[n][p][p+1][q][q+1]:
	p = 6, q = 14

=============== F ===============
[[0 0 0 0 0 0 0 0 0 0 0 0 0 0 0]
 [0 0 0 0 0 0 0 1 1 1 1 1 1 1 1]
 [0 0 0 0 0 0 0 1 1 2 2 2 2 2 2]
 [0 0 0 0 0 0 0 1 1 2 2 3 3 3 3]
 [0 0 0 0 0 0 0 1 1 2 2 3 4 4 4]
 [0 0 0 0 0 0 0 1 1 2 2 3 4 4 4]
 [0 0 0 0 0 0 0 1 1 2 2 3 4 4 4]]

=============== D ===============
[[0 0 0 0 0 0 0 0 0 0 0 0 0 0 0]
 [0 0 0 0 0 0 0 1 1 1 1 1 1 1 1]
 [0 0 0 0 0 0 0 0 0 1 1 1 1 1 1]
 [0 0 0 0 0 0 0 0 0 0 0 1 1 1 1]
 [0 0 0 0 0 0 0 0 0 0 0 0 1 1 1]
 [0 0 0 0 0 0 0 0 0 0 0 0 0 0 0]
 [0 0 0 0 0 0 0 0 0 0 0 0 0 0 0]]

=============== E ===============
[[0 0 0 0 0 0 0 0 0 0 0 0 0 0 0]
 [0 0 0 0 0 0 0 1 0 0 0 0 0 0 0]
 [0 0 0 0 0 0 0 1 0 1 0 0 0 0 0]
 [0 0 0 0 0 0 0 1 0 1 0 1 0 0 0]
 [0 0 0 0 0 0 0 1 0 1 0 1 1 0 0]
 [0 0 0 0 0 0 0 1 0 1 0 1 1 0 0]
 [0 0 0 0 0 0 0 1 0 1 0 1 1 0 0]]