s = abcadbaby

j = 5
m = 6

i is in range [1, 5)
k is in range [5, l)
l is in range [2, 6)


	p = 3, q = 6

======== F, D ========

-------- l = 2 --------
[[0 0]
 [0 0]
 [0 0]
 [0 0]
 [0 0]]

[[0 0]
 [0 0]
 [0 0]
 [0 0]
 [0 0]]


-------- l = 3 --------
[[0 0 0]
 [0 0 0]
 [0 0 0]
 [0 0 0]
 [0 0 0]]

[[0 0 0]
 [0 0 0]
 [0 0 0]
 [0 0 0]
 [0 0 0]]


-------- l = 4 --------
[[0 0 0 0]
 [0 0 0 0]
 [0 0 0 0]
 [0 0 0 0]
 [0 0 0 0]]

[[0 0 0 0]
 [0 0 0 0]
 [0 0 0 0]
 [0 0 0 0]
 [0 0 0 0]]


-------- l = 5 --------
[[0 0 0 0 0]
 [0 0 0 0 0]
 [0 0 0 0 0]
 [0 0 0 0 0]
 [0 0 0 0 0]]

[[0 0 0 0 0]
 [0 0 0 0 0]
 [0 0 0 0 0]
 [0 0 0 0 0]
 [0 0 0 0 0]]


-------- l = 6 --------
[[0 0 0 0 0 0]
 [0 0 0 0 0 0]
 [0 0 0 0 0 0]
 [0 0 0 0 0 0]
 [0 0 0 0 0 0]]

[[0 0 0 0 0 0]
 [0 0 0 0 0 0]
 [0 0 0 0 0 0]
 [0 0 0 0 0 0]
 [0 0 0 0 0 0]]

A:[[-1 -1 -1 -1 -1 -1 -1]
 [-1 -1 -1 -1 -1  0 -1]
 [-1 -1 -1 -1 -1  0 -1]
 [-1 -1 -1 -1 -1  0 -1]
 [-1 -1 -1 -1 -1  0 -1]
 [-1 -1 -1 -1 -1 -1 -1]
 [-1 -1 -1 -1 -1 -1 -1]]