s = abcadbaby

j = 5
m = 9

i is in range [1, 5)
k is in range [5, l)
l is in range [2, 9)

	p = 3, q = 6

============== A ==============
[[100 100 100 100 100 100 100 100 100 100]
 [100 100 100 100 100   0   0   0   0 100]
 [100 100 100 100 100   0   8   8   0 100]
 [100 100 100 100 100   0   8   0   0 100]
 [100 100 100 100 100   0   8   0   0 100]
 [100 100 100 100 100 100 100 100 100 100]
 [100 100 100 100 100 100 100 100 100 100]
 [100 100 100 100 100 100 100 100 100 100]
 [100 100 100 100 100 100 100 100 100 100]
 [100 100 100 100 100 100 100 100 100 100]]

============== F, D ==============

----------- l = 2 -----------
[[0 0]
 [0 0]
 [0 0]
 [0 0]
 [0 0]]

[[0 0]
 [0 0]
 [0 0]
 [0 0]
 [0 0]]


----------- l = 3 -----------
[[0 0 0]
 [0 0 0]
 [0 0 0]
 [0 0 0]
 [0 0 0]]

[[0 0 0]
 [0 0 0]
 [0 0 0]
 [0 0 0]
 [0 0 0]]


----------- l = 4 -----------
[[0 0 0 0]
 [0 0 0 0]
 [0 0 0 0]
 [0 0 0 0]
 [0 0 0 0]]

[[0 0 0 0]
 [0 0 0 0]
 [0 0 0 0]
 [0 0 0 0]
 [0 0 0 0]]


----------- l = 5 -----------
[[0 0 0 0 0]
 [0 0 0 0 0]
 [0 0 0 0 0]
 [0 0 0 0 0]
 [0 0 0 0 0]]

[[0 0 0 0 0]
 [0 0 0 0 0]
 [0 0 0 0 0]
 [0 0 0 0 0]
 [0 0 0 0 0]]


----------- l = 6 -----------
[[0 0 0 0 0 0]
 [0 0 0 0 0 0]
 [0 0 0 0 0 0]
 [0 0 0 0 0 0]
 [0 0 0 0 0 0]]

[[0 0 0 0 0 0]
 [0 0 0 0 0 0]
 [0 0 0 0 0 0]
 [0 0 0 0 0 0]
 [0 0 0 0 0 0]]


----------- l = 7 -----------
[[0 0 0 0 0 0 0]
 [0 0 0 0 0 0 0]
 [0 0 0 0 0 0 1]
 [0 0 0 0 0 0 1]
 [0 0 0 0 0 0 1]]

[[0 0 0 0 0 0 0]
 [0 0 0 0 0 0 0]
 [0 0 0 0 0 0 1]
 [0 0 0 0 0 0 1]
 [0 0 0 0 0 0 1]]


----------- l = 8 -----------
[[0 0 0 0 0 0 0 0]
 [0 0 0 0 0 0 0 0]
 [0 0 0 0 0 0 1 1]
 [0 0 0 0 0 0 1 1]
 [0 0 0 0 0 0 1 1]]

[[0 0 0 0 0 0 0 0]
 [0 0 0 0 0 0 0 0]
 [0 0 0 0 0 0 1 1]
 [0 0 0 0 0 0 1 0]
 [0 0 0 0 0 0 1 0]]


----------- l = 9 -----------
[[0 0 0 0 0 0 0 0 0]
 [0 0 0 0 0 0 0 0 0]
 [0 0 0 0 0 0 0 0 0]
 [0 0 0 0 0 0 0 0 0]
 [0 0 0 0 0 0 0 0 0]]

[[0 0 0 0 0 0 0 0 0]
 [0 0 0 0 0 0 0 0 0]
 [0 0 0 0 0 0 0 0 0]
 [0 0 0 0 0 0 0 0 0]
 [0 0 0 0 0 0 0 0 0]]

