s = abcdabcdaabbccdd

j = 5
m = 16

i is in range [1, 5)
k is in range [5, l)
l is in range [2, 16)

	p = 4, q = 9

===================== A =====================
[[100 100 100 100 100 100 100 100 100 100 100 100 100 100 100 100 100]
 [100 100 100 100 100  10  10  10  10  10   0   0   0   0   0   0 100]
 [100 100 100 100 100  10  12  12  12  12  12  12   0   0   0   0 100]
 [100 100 100 100 100  10  12  14  14  14  14  14  14  14   0   0 100]
 [100 100 100 100 100  10  12  14  16  16  16  16  16  16  16  16 100]
 [100 100 100 100 100 100 100 100 100 100 100 100 100 100 100 100 100]
 [100 100 100 100 100 100 100 100 100 100 100 100 100 100 100 100 100]
 [100 100 100 100 100 100 100 100 100 100 100 100 100 100 100 100 100]
 [100 100 100 100 100 100 100 100 100 100 100 100 100 100 100 100 100]
 [100 100 100 100 100 100 100 100 100 100 100 100 100 100 100 100 100]
 [100 100 100 100 100 100 100 100 100 100 100 100 100 100 100 100 100]
 [100 100 100 100 100 100 100 100 100 100 100 100 100 100 100 100 100]
 [100 100 100 100 100 100 100 100 100 100 100 100 100 100 100 100 100]
 [100 100 100 100 100 100 100 100 100 100 100 100 100 100 100 100 100]
 [100 100 100 100 100 100 100 100 100 100 100 100 100 100 100 100 100]
 [100 100 100 100 100 100 100 100 100 100 100 100 100 100 100 100 100]
 [100 100 100 100 100 100 100 100 100 100 100 100 100 100 100 100 100]]

===================== F, D =====================

------------------ l = 2 ------------------
[[0 0]
 [0 0]
 [0 0]
 [0 0]
 [0 0]]

[[0 0]
 [0 0]
 [0 0]
 [0 0]
 [0 0]]


------------------ l = 3 ------------------
[[0 0 0]
 [0 0 0]
 [0 0 0]
 [0 0 0]
 [0 0 0]]

[[0 0 0]
 [0 0 0]
 [0 0 0]
 [0 0 0]
 [0 0 0]]


------------------ l = 4 ------------------
[[0 0 0 0]
 [0 0 0 0]
 [0 0 0 0]
 [0 0 0 0]
 [0 0 0 0]]

[[0 0 0 0]
 [0 0 0 0]
 [0 0 0 0]
 [0 0 0 0]
 [0 0 0 0]]


------------------ l = 5 ------------------
[[0 0 0 0 0]
 [0 0 0 0 0]
 [0 0 0 0 0]
 [0 0 0 0 0]
 [0 0 0 0 0]]

[[0 0 0 0 0]
 [0 0 0 0 0]
 [0 0 0 0 0]
 [0 0 0 0 0]
 [0 0 0 0 0]]


------------------ l = 6 ------------------
[[0 0 0 0 0 0]
 [0 0 0 0 0 1]
 [0 0 0 0 0 1]
 [0 0 0 0 0 1]
 [0 0 0 0 0 1]]

[[0 0 0 0 0 0]
 [0 0 0 0 0 1]
 [0 0 0 0 0 1]
 [0 0 0 0 0 1]
 [0 0 0 0 0 1]]


------------------ l = 7 ------------------
[[0 0 0 0 0 0 0]
 [0 0 0 0 0 1 1]
 [0 0 0 0 0 1 2]
 [0 0 0 0 0 1 2]
 [0 0 0 0 0 1 2]]

[[0 0 0 0 0 0 0]
 [0 0 0 0 0 1 1]
 [0 0 0 0 0 1 1]
 [0 0 0 0 0 1 1]
 [0 0 0 0 0 1 1]]


------------------ l = 8 ------------------
[[0 0 0 0 0 0 0 0]
 [0 0 0 0 0 1 1 1]
 [0 0 0 0 0 1 2 2]
 [0 0 0 0 0 1 2 3]
 [0 0 0 0 0 1 2 3]]

[[0 0 0 0 0 0 0 0]
 [0 0 0 0 0 1 1 1]
 [0 0 0 0 0 1 1 1]
 [0 0 0 0 0 1 1 1]
 [0 0 0 0 0 1 1 1]]


------------------ l = 9 ------------------
[[0 0 0 0 0 0 0 0 0]
 [0 0 0 0 0 1 1 1 1]
 [0 0 0 0 0 1 2 2 2]
 [0 0 0 0 0 1 2 3 3]
 [0 0 0 0 0 1 2 3 4]]

[[0 0 0 0 0 0 0 0 0]
 [0 0 0 0 0 1 1 1 1]
 [0 0 0 0 0 1 1 1 1]
 [0 0 0 0 0 1 1 1 1]
 [0 0 0 0 0 1 1 1 1]]


------------------ l = 10 ------------------
[[0 0 0 0 0 0 0 0 0 0]
 [0 0 0 0 0 1 1 1 1 1]
 [0 0 0 0 0 1 2 2 2 2]
 [0 0 0 0 0 1 2 3 3 3]
 [0 0 0 0 0 1 2 3 4 4]]

[[0 0 0 0 0 0 0 0 0 0]
 [0 0 0 0 0 1 1 1 1 1]
 [0 0 0 0 0 1 1 1 1 1]
 [0 0 0 0 0 1 1 1 1 1]
 [0 0 0 0 0 1 1 1 1 1]]


------------------ l = 11 ------------------
[[0 0 0 0 0 0 0 0 0 0 0]
 [0 0 0 0 0 0 0 0 0 0 0]
 [0 0 0 0 0 0 1 1 1 1 1]
 [0 0 0 0 0 0 1 2 2 2 2]
 [0 0 0 0 0 0 1 2 3 3 3]]

[[0 0 0 0 0 0 0 0 0 0 0]
 [0 0 0 0 0 0 0 0 0 0 0]
 [0 0 0 0 0 0 1 1 1 1 1]
 [0 0 0 0 0 0 1 1 1 1 1]
 [0 0 0 0 0 0 1 1 1 1 1]]


------------------ l = 12 ------------------
[[0 0 0 0 0 0 0 0 0 0 0 0]
 [0 0 0 0 0 0 0 0 0 0 0 0]
 [0 0 0 0 0 0 1 1 1 1 1 1]
 [0 0 0 0 0 0 1 2 2 2 2 2]
 [0 0 0 0 0 0 1 2 3 3 3 3]]

[[0 0 0 0 0 0 0 0 0 0 0 0]
 [0 0 0 0 0 0 0 0 0 0 0 0]
 [0 0 0 0 0 0 1 1 1 1 1 1]
 [0 0 0 0 0 0 1 1 1 1 1 1]
 [0 0 0 0 0 0 1 1 1 1 1 1]]


------------------ l = 13 ------------------
[[0 0 0 0 0 0 0 0 0 0 0 0 0]
 [0 0 0 0 0 0 0 0 0 0 0 0 0]
 [0 0 0 0 0 0 0 0 0 0 0 0 0]
 [0 0 0 0 0 0 0 1 1 1 1 1 1]
 [0 0 0 0 0 0 0 1 2 2 2 2 2]]

[[0 0 0 0 0 0 0 0 0 0 0 0 0]
 [0 0 0 0 0 0 0 0 0 0 0 0 0]
 [0 0 0 0 0 0 0 0 0 0 0 0 0]
 [0 0 0 0 0 0 0 1 1 1 1 1 1]
 [0 0 0 0 0 0 0 1 1 1 1 1 1]]


------------------ l = 14 ------------------
[[0 0 0 0 0 0 0 0 0 0 0 0 0 0]
 [0 0 0 0 0 0 0 0 0 0 0 0 0 0]
 [0 0 0 0 0 0 0 0 0 0 0 0 0 0]
 [0 0 0 0 0 0 0 1 1 1 1 1 1 1]
 [0 0 0 0 0 0 0 1 2 2 2 2 2 2]]

[[0 0 0 0 0 0 0 0 0 0 0 0 0 0]
 [0 0 0 0 0 0 0 0 0 0 0 0 0 0]
 [0 0 0 0 0 0 0 0 0 0 0 0 0 0]
 [0 0 0 0 0 0 0 1 1 1 1 1 1 1]
 [0 0 0 0 0 0 0 1 1 1 1 1 1 1]]


------------------ l = 15 ------------------
[[0 0 0 0 0 0 0 0 0 0 0 0 0 0 0]
 [0 0 0 0 0 0 0 0 0 0 0 0 0 0 0]
 [0 0 0 0 0 0 0 0 0 0 0 0 0 0 0]
 [0 0 0 0 0 0 0 0 0 0 0 0 0 0 0]
 [0 0 0 0 0 0 0 0 1 1 1 1 1 1 1]]

[[0 0 0 0 0 0 0 0 0 0 0 0 0 0 0]
 [0 0 0 0 0 0 0 0 0 0 0 0 0 0 0]
 [0 0 0 0 0 0 0 0 0 0 0 0 0 0 0]
 [0 0 0 0 0 0 0 0 0 0 0 0 0 0 0]
 [0 0 0 0 0 0 0 0 1 1 1 1 1 1 1]]


------------------ l = 16 ------------------
[[0 0 0 0 0 0 0 0 0 0 0 0 0 0 0 0]
 [0 0 0 0 0 0 0 0 0 0 0 0 0 0 0 0]
 [0 0 0 0 0 0 0 0 0 0 0 0 0 0 0 0]
 [0 0 0 0 0 0 0 0 0 0 0 0 0 0 0 0]
 [0 0 0 0 0 0 0 0 1 1 1 1 1 1 1 1]]

[[0 0 0 0 0 0 0 0 0 0 0 0 0 0 0 0]
 [0 0 0 0 0 0 0 0 0 0 0 0 0 0 0 0]
 [0 0 0 0 0 0 0 0 0 0 0 0 0 0 0 0]
 [0 0 0 0 0 0 0 0 0 0 0 0 0 0 0 0]
 [0 0 0 0 0 0 0 0 1 1 1 1 1 1 1 1]]

