s = ababab

j = 3
m = 6

i is in range [1, 3)
k is in range [3, l)
l is in range [2, 6)

	p = 2, q = 4

======== A ========
[[-1 -1 -1 -1 -1 -1 -1]
 [-1 -1 -1  5  5  0 -1]
 [-1 -1 -1  5  6  6 -1]
 [-1 -1 -1 -1 -1 -1 -1]
 [-1 -1 -1 -1 -1 -1 -1]
 [-1 -1 -1 -1 -1 -1 -1]
 [-1 -1 -1 -1 -1 -1 -1]]

======== F, D ========

-------- l = 2 --------
[[0 0]
 [0 0]
 [0 0]]

[[0 0]
 [0 0]
 [0 0]]


-------- l = 3 --------
[[0 0 0]
 [0 0 0]
 [0 0 0]]

[[0 0 0]
 [0 0 0]
 [0 0 0]]


-------- l = 4 --------
[[0 0 0 0]
 [0 0 0 1]
 [0 0 0 1]]

[[0 0 0 0]
 [0 0 0 1]
 [0 0 0 1]]


-------- l = 5 --------
[[0 0 0 0 0]
 [0 0 0 1 1]
 [0 0 0 1 2]]

[[0 0 0 0 0]
 [0 0 0 1 1]
 [0 0 0 1 1]]


-------- l = 6 --------
[[0 0 0 0 0 0]
 [0 0 0 0 0 0]
 [0 0 0 0 1 1]]

[[0 0 0 0 0 0]
 [0 0 0 0 0 0]
 [0 0 0 0 1 1]]

